[points]
# x          y            r     g     b

# Triangle 1
0.000        64.624       0.0   0.353 0.612
40.000       -4.656       0.0   0.353 0.612
-40.000      -4.656       0.0   0.353 0.612

# Triangle 2
20.000       29.984       0.0   0.4   0.7
60.000       29.984       0.0   0.4   0.7
40.000       -4.656       0.0   0.4   0.7

# Triangle 3
40.000       64.624       0.0   0.463 0.8
60.000       29.984       0.0   0.463 0.8
20.000       29.984       0.0   0.463 0.8

# Triangle 4
60.000       29.984       0.0   0.525 0.91
70.000       12.624       0.0   0.525 0.91
50.000       12.624       0.0   0.525 0.91

# Triangle 5
50.000       12.624       0.0   0.576 1.0
71.000       12.624       0.0   0.576 1.0
60.000       -4.656       0.0   0.576 1.0

[indices]
 0  1  2
 3  4  5
 6  7  8
 9 10 11
12 13 14